translation:[100.30033416624148, 77.43934976064669, 1.4594408063587438]
robot yaw:178.700763766
bearing:[-6.375, -17.875, 17.46875, -9.46875]
